%YAML:1.0

cam0:
  T_cam_imu:
    - [-0.034391194950477544, 0.9992246614718253, 0.019165636341975656, -0.0033869281486856883]
    - [0.005556428312589845, -0.018985513982923752, 0.999804319036085, -0.0028317996978472885]
    - [0.9993930016836639, 0.034490957732698835, -0.004899185687018248, -0.07459460487780253]
    - [0.0, 0.0, 0.0, 1.0]
  cam_overlaps: []
  camera_model: pinhole
  distortion_coeffs: [-0.05989085937438789, 0.037825231985279525, -0.00018807391299707635, 0.001238014572789146]
  distortion_model: radtan
  intrinsics: [557.4343288220879, 556.9153663212727, 657.4310514208912, 359.9579542406276]
  resolution: [1280, 720]
  rostopic: /cam0/image_raw
  timeshift_cam_imu: -0.0032269555837415376

cam1:
  T_cam_imu:
    - [0.023303393875357452, -0.9997111595393081, -0.005877867509809661, 0.04500782043614875]
    - [-0.9996079496176687, -0.023391462036832462, 0.015387870708474114, -0.006871479526707069]
    - [-0.015520917983522845, 0.005516973477582497, -0.9998643228501543, -0.02701757139501304]
    - [0.0, 0.0, 0.0, 1.0]
  # T_cn_cnm1:
  #   - [1.0, 0.0, 0.0, 0.0]
  #   - [0.0, 1.0, 0.0, 0.0]
  #   - [0.0, 0.0, 1.0, 0.0]
  #   - [0.0, 0.0, 0.0, 1.0]
  cam_overlaps: []
  camera_model: pinhole
  distortion_coeffs: [-0.05041428983116813, 0.029466202162160917, -0.0004234519866675455, -0.0004547227991740382]
  distortion_model: radtan
  intrinsics: [550.9620672126687, 550.4467490050462, 638.2861799461003, 335.5060951921073]
  resolution: [1280, 720]
  rostopic: /cam1/image_raw
  timeshift_cam_imu: 0.09011834039450102